A0176509W
103.28
103.92
104.35
106.41
105.13
105.8
104.9
105.28
104.8
105.07
105.07
105.38
105.44
105.4
105.76
105.8
106.92
106.9
106.6
106.8
106.8
106.95
107.08
106.7
105.02
105.54
106.2
106.9
107.1
106.67
106.67
106.77
106.18
105.35
106.1
105.25
104.95
104.73
104.33
104.37
104.37
105.12
105.7
105.05
105.1
105.37
105.25
105.94
105.35
105.54
105.54
105.48
105.87
106.02
106.26
106.44
106.72
106.8
106.19
106.39
106.39
106.34
107.0
107.53
107.48
106.94
107.09
107.67
107.42
108.18
108.18
108.52
108.67
108.36
108.28
108.27
107.1
107.1
106.7
106.59
106.59
106.47
105.54
104.52
104.63
105.08
104.49
104.83
104.93
104.97
104.97
104.8
105.5
104.96
105.8
106.85
106.67
106.53
107.14
107.0
107.0
106.78
107.9
108.7
108.77
107.65
107.99
108.37
109.2
108.84
108.84
109.23
109.07
109.5
109.47
108.85
108.87
108.85
108.04
108.05
108.05
109.1
108.94
109.03
109.5
109.45
109.48
109.56
110.1
110.31
110.31
110.94
110.28
110.18
110.18
110.69
110.45
109.15
108.62
107.93
107.93
107.5
108.09
108.29
108.38
108.33
109.2
108.08
106.77
106.75
106.75
106.64
106.92
107.95
108.14
108.12
107.72
107.59
107.94
108.01
108.01
107.87
108.3
108.34
108.23
108.4
107.7
107.78
108.44
108.5
108.5
109.28
108.85
109.09
109.37
109.19
109.84
110.25
110.3
110.44
110.44
110.39
109.21
109.38
109.87
109.86
109.82
110.38
110.45
110.85
110.85
111.37
111.66
111.48
111.63
111.27
111.31
111.47
111.28
111.66
111.66
112.14
112.22
112.54
112.76
112.86
112.97
112.85
113.33
114.12
114.12
113.97
113.79
113.28
113.97
114.22
113.98
111.54
111.63
111.5
111.5
111.29
111.3
111.31
111.55
111.25
111.42
111.41
112.69
112.66
112.66
113.88
113.8
113.59
113.13
112.35
112.84
113.27
113.28
112.9
112.9
113.8
114.24
113.63
113.65
114.0
114.25
114.12
114.5
114.92
114.92
115.88
115.77
115.49
116.33
115.8
115.34
115.86
116.19
116.1
116.1
116.9
117.24
116.54
117.11
117.8
118.92
119.65
119.06
119.45
119.45
121.98
121.55
121.25
121.68
122.34
123.59
123.82
124.54
122.74
122.74
124.02
124.35
124.06
123.92
124.3
122.83
123.28
122.18
121.93
121.93
120.8
120.83
121.15
121.95
121.5
121.28
121.88
121.7
121.77
121.77
123.24
123.46
123.65
122.45
122.8
123.59
122.82
122.93
123.9
123.9
123.65
123.9
123.72
122.7
122.72
122.8
124.27
125.67
126.08
126.08
125.95
126.04
126.48
126.35
125.75
126.05
125.88
125.66
126.25
126.25
125.96
125.88
126.68
126.81
127.03
126.64
126.57
126.7
125.45
125.45
123.85
120.73
118.95
118.75
118.33
116.28
115.43
116.05
113.8
113.8
115.96
115.8
116.45
115.52
116.21
116.4
116.74
116.15
116.3
116.3
115.4
112.63
112.6
111.42
113.98
113.5
113.49
113.35
113.5
113.5
114.62
115.3
114.8
113.95
113.23
114.67
114.61
114.93
114.52
114.52
112.6
112.76
112.97
113.08
113.88
113.76
115.87
116.28
116.13
116.13
115.88
115.68
115.85
115.95
116.75
117.76
118.0
118.33
118.37
118.37
118.34
119.26
118.65
118.4
115.3
115.85
116.21
115.78
117.75
117.75
117.81
118.45
118.08
117.78
117.26
118.73
118.32
118.88
118.75
118.75
121.55
121.03
120.72
121.09
121.02
119.05
119.26
119.58
120.93
120.93
121.1
120.99
121.98
121.93
122.25
121.53
120.4
121.3
120.87
120.87
120.71
120.8
121.8
121.93
121.93
122.01
121.09
121.18
120.13
120.13
121.31
119.87
120.19
121.4
120.66
120.71
121.67
121.73
121.87
121.87
120.53
120.68
120.39
121.04
121.83
122.56
123.16
123.97
124.15
124.15
125.93
126.78
125.85
125.85
127.22
126.81
125.85
127.07
127.45
127.45
127.74
129.15
128.77
128.72
129.4
130.2
130.5
129.8
129.09
129.09
130.73
131.08
130.87
127.0
128.53
129.1
130.38
130.0
130.06
130.06
130.05
130.05
130.45
132.4
133.99
133.88
131.7
132.49
131.52
131.52
131.72
131.43
130.41
128.88
128.8
127.5
127.22
125.78
126.64
126.64
125.26
125.38
127.1
126.65
126.02
123.78
123.31
124.26
124.28
124.28
123.53
123.78
125.37
126.87
126.35
126.25
127.73
128.92
128.15
128.15
127.72
126.12
125.38
126.05
126.79
127.61
128.42
127.78
127.63
127.63
129.25
128.23
129.4
129.41
130.17
130.43
130.34
130.28
130.25
130.25
128.71
130.17
132.16
133.29
133.76
133.5
135.05
134.71
133.68
133.68
130.21
128.96
129.52
129.35
129.45
131.78
131.85
132.23
131.33
131.33
130.19
130.9
132.09
132.19
132.05
132.37
133.01
132.98
131.74
131.74
133.09
132.88
132.84
134.0
134.18
134.23
134.39
135.95
136.34
136.34
135.65
135.77
137.38
137.36
138.91
138.5
139.57
138.97
138.34
138.34
139.66
140.58
140.25
141.52
143.25
144.36
146.42
144.05
137.68
137.68
134.2
137.9
139.13
140.75
141.67
142.75
141.92
138.29
138.65
138.65
139.35
140.18
138.78
139.6
141.3
141.05
140.98
139.84
140.67
140.67
139.6
138.85
140.39
141.1
141.54
140.93
142.24
141.75
142.46
142.46
144.65
145.8
144.84
144.38
144.6
146.3
146.54
147.14
146.09
146.09
146.37
145.78
145.02
143.85
142.6
144.94
143.96
144.94
144.43
144.43
142.55
140.9
136.23
137.76
134.82
133.99
132.1
136.45
134.32
134.32
133.22
133.05
134.92
131.88
132.63
133.4
135.2
136.45
135.33
135.33
135.7
133.9
136.59
135.75
135.6
134.54
131.15
123.97
118.85
118.85
118.85
119.27
117.5
115.45
114.46
118.09
116.85
117.88
118.06
118.06
118.6
117.56
117.3
116.45
114.52
115.5
116.55
117.45
118.73
118.73
122.88
122.77
122.68
119.7
121.3
121.44
119.65
120.32
120.93
120.93
121.8
123.24
123.21
122.2
120.17
118.79
119.35
119.63
119.55
119.55
117.07
116.78
115.08
116.73
115.68
116.33
115.67
116.08
116.85
116.85
116.24
115.88
115.42
114.88
