A0176509W
103.42156998
104.041054903
104.337676128
106.568660239
105.109040017
105.905134857
104.871651979
105.287711127
104.821456163
105.092388956
105.090696022
105.378920894
105.44622601
105.290966306
105.874757428
105.830700691
106.967257907
106.927028979
106.689661492
106.850087219
106.864290022
106.939009397
107.189476901
106.686466837
105.04199787
105.60886607
106.199810452
106.958693096
107.092995729
106.629639072
106.701936387
106.802610854
106.177093867
105.302474093
106.149949982
105.171700214
104.951395869
104.6673559
104.31497034
104.382646327
104.37880993
105.174727819
105.732341652
105.045424091
105.124306589
105.371361365
105.27702669
105.965342864
105.356450156
105.528184202
105.54013673
105.522318102
105.938030457
106.053384558
106.316292871
106.567670829
106.777282746
106.821066007
106.09813333
106.435756803
106.418607524
106.400181143
107.072488477
107.585256445
107.52740608
106.988758833
107.075288617
107.764011138
107.463224927
108.231229255
108.294598356
108.546621461
108.829770413
108.359974897
108.343107123
108.312819828
107.105528961
107.197865537
106.685616758
106.643152465
106.724963914
106.527705558
105.559404178
104.535354267
104.747190152
105.122072819
104.582747489
104.876611725
105.003894382
105.082296855
105.16973514
104.911485396
105.605488327
104.971229197
105.906646131
106.989058798
106.762526437
106.58457264
107.224724595
107.060566705
107.139768762
106.811855843
107.971085863
108.844406237
108.872307925
107.688397198
108.098316819
108.468679217
109.282581423
108.867442543
108.911916144
109.330587413
109.083551655
109.590542685
109.503242604
108.86488762
108.911555827
108.965706912
108.068496056
108.120062347
108.172532239
109.198325479
108.988783068
109.100722566
109.542819695
109.490134294
109.582627071
109.597542824
110.202832362
110.369324506
110.433766197
111.062358057
110.295717838
110.256093364
110.243563929
110.760451689
110.481406709
109.067560402
108.513327492
108.021890585
108.044474062
107.533757311
108.200512432
108.385054496
108.451012449
108.387133785
109.269485724
108.076927114
106.718266093
106.812269427
106.778403064
106.675481837
106.971859127
108.094732277
108.208244535
108.176694867
107.71570459
107.629850116
107.973800594
108.05262613
108.059034039
107.921157716
108.341272339
108.370247522
108.264152908
108.472739701
107.681018102
107.83950804
108.543079289
108.559228783
108.646993297
109.401080317
108.914411953
109.12630495
109.399188385
109.219406977
109.976395228
110.262712193
110.390594815
110.508503482
110.529730022
110.417465416
109.302756158
109.354733679
109.873111685
109.888691402
109.904285095
110.446943171
110.564011043
110.964146085
111.005916796
111.44400276
111.726614559
111.539193002
111.671112704
111.274970359
111.344849152
111.55052907
111.301633941
111.800872579
111.959947029
112.201464778
112.287516951
112.64569736
112.779499208
112.936580968
112.990172827
112.871151045
113.514171956
114.223072875
114.246230367
114.072660878
113.837093721
113.399524296
114.084681343
114.25357773
114.015833055
111.574509806
111.590568161
111.527776621
111.617346768
111.396443784
111.359321127
111.313762379
111.621034191
111.25435896
111.544099108
111.410416352
112.763968057
112.752542502
112.816942622
114.057984145
113.898805984
113.404006446
113.108907289
112.246738635
112.991878667
113.398960229
113.364076481
112.657898864
112.831948996
113.905910368
114.334917208
113.665565218
113.741551054
113.948340868
114.453393778
114.051915649
114.591914131
114.987806848
115.1261134
115.923648732
115.850598779
115.385361063
116.463380916
115.772307895
115.366523838
115.905881595
116.247977634
116.092575369
116.065893252
116.948239656
117.263997117
116.533131643
117.171825169
117.978048312
119.001436279
119.477507381
118.96820841
119.536361778
119.513985694
122.075228238
121.556780638
121.159040082
121.82617752
122.36977022
123.712788607
123.778601668
124.576239352
122.677411181
122.699622803
124.063363583
124.317593397
124.131347275
123.809899372
124.56174824
122.683285607
123.320894273
122.151311362
121.984329797
122.091014516
120.738570825
120.822639807
121.1274886
122.022717121
121.455519888
121.332381943
121.885102735
121.667442269
121.818921057
121.741912802
123.347828191
123.485988826
123.669863626
122.365917301
122.916513986
123.646915605
122.922346999
122.992709735
124.036449663
124.096618251
123.626586639
123.881726841
123.743115723
122.729118989
122.751029672
122.754336375
124.335660647
125.748431054
126.085286243
126.110847435
125.958252943
126.017767757
126.510766958
126.352693539
125.722975746
126.122216299
125.864413857
125.637252486
126.309921204
126.283454913
125.950607927
125.951841935
126.686952386
126.904452141
127.002777394
126.64943628
126.578797951
126.726775789
125.439491233
125.466507334
123.621473679
120.493573796
119.045870875
118.80057516
118.368975328
116.178114361
115.296028295
116.098910026
113.637147305
113.666277215
115.995624217
115.758103165
116.540891913
115.563359993
116.195642938
116.346640809
116.783142051
116.206648349
116.341695235
116.349747098
115.385167399
112.48330057
112.613820257
111.309512989
114.02271459
113.479456496
113.456975371
113.364614228
113.491251354
113.4631172
114.667039955
115.353469245
114.759020909
113.88125574
113.227178926
114.696650859
114.66390631
114.85980646
114.652693981
114.685711996
112.437388947
112.800932028
112.88070048
113.023168765
113.932122774
113.739372874
115.852157691
116.27175113
116.075950512
116.003110202
115.829026693
115.634123638
115.818679384
115.97841032
116.781542683
117.562400719
117.992554315
118.164189434
118.551009409
118.496432045
118.312692404
119.275704917
118.465775878
118.241036038
115.03665754
115.951690323
116.138791998
115.677180476
117.891190343
117.631429613
118.064299996
118.384999649
118.060236801
117.682348515
117.213435301
118.658522698
118.376755981
118.911933095
118.679513346
118.711366381
121.5327455
120.908555142
120.648065112
120.991798156
121.02455217
119.00161431
119.163830714
119.531390045
121.032624988
120.857580801
120.908411616
121.082361516
122.09684885
121.831724945
122.190846934
121.575748321
120.198445161
121.416405763
120.664884295
120.659250705
120.664675556
120.831049135
121.793961706
121.890707705
121.896991305
121.977991652
121.019570391
121.258341081
119.993046335
119.992832113
121.333106506
119.774738777
120.241238585
121.502736807
120.675022762
120.628348928
121.582857773
121.638862462
121.877627461
121.651440498
120.409784958
120.548465656
120.328117964
121.046736715
121.850857464
122.516494322
123.14353271
123.847458719
124.020841143
124.09828774
125.867280048
126.716986792
125.723627662
125.752127897
127.116884978
126.746809851
125.747426782
126.943384546
127.313121465
127.205671719
127.762458626
129.105114234
128.648571217
128.594597222
129.219340449
130.07668978
130.405003133
129.72069233
128.831032859
128.709426544
130.638132725
130.83043866
130.765791405
126.79197744
128.603854579
128.88348663
130.276718347
129.846510831
129.923024817
129.779280535
129.96149895
129.877367163
130.293485618
132.3683351
133.913736275
133.686651639
131.388984995
132.240569871
131.411589041
131.242097347
131.661791485
131.280878514
130.268752911
128.723861424
128.6011364
127.24953292
127.124699222
125.557262563
126.546041022
126.322800591
125.127565507
125.242164867
127.126354546
126.527884882
125.916907758
123.658020547
123.150833675
124.207350617
124.140648165
123.994580431
123.434013227
123.669573378
125.383735153
126.857869034
126.278711507
126.167037287
127.729131862
128.844908004
128.002718513
127.954862691
127.600796458
125.938710187
125.26467784
126.082380646
126.71412054
127.592697211
128.312670565
127.707978951
127.506408247
127.488842649
129.229005744
128.09749963
129.402159869
129.313699095
130.130385109
130.341799155
130.229507742
130.195403631
130.117694277
130.079586308
128.600049981
130.137730048
132.217423346
133.260740166
133.709811651
133.312934823
134.922546176
134.623049089
133.522701899
133.313498082
129.976629602
128.777834337
129.355114699
129.224583028
129.307256753
131.895759848
131.677618964
132.032966246
131.067291104
130.887970686
129.995676373
130.797158243
131.994601186
132.033716475
131.927281048
132.309929464
132.77319781
132.834215588
131.447735337
131.208405092
132.888843841
132.703822852
132.640547331
133.900708206
133.937799158
134.046105019
134.20389881
135.818601149
136.133034227
135.974079829
135.364319458
135.604576837
137.308486646
137.134128411
138.789531052
138.362025403
139.462787342
138.777391007
138.125679845
137.849611276
139.554337621
140.377226787
140.057002511
141.369621982
143.112037006
144.281374791
146.382426118
143.846097318
137.2150213
137.049242977
133.852329058
137.880018432
139.024668585
140.697308851
141.609269656
142.629876634
141.719072785
137.862498014
138.537734446
138.360116056
139.149393761
140.027334322
138.497681861
139.471821755
141.26821037
140.878867425
140.780411182
139.590707814
140.506378888
140.3421351
139.434035393
138.708821542
140.328561985
140.971089008
141.447971029
140.716322049
142.147721258
141.509576328
142.275250434
142.079830315
144.628028801
145.716383553
144.675911346
144.20398847
144.438836672
146.250638341
146.424537314
146.937233227
145.868298251
145.699475625
146.285258099
145.582407164
144.854047856
143.633998745
142.391883509
144.915826139
143.736661418
144.843100189
144.185720028
143.777912804
142.366369882
140.606646603
135.909112144
137.753172493
134.370383736
133.860810263
131.667107918
136.553520327
134.066636884
133.861681349
133.120426149
132.852263122
134.829551373
131.48251615
132.500740876
133.209331471
135.155281691
136.343100846
135.210808939
135.000084682
135.618485756
133.73690487
136.306941642
135.449035119
135.255016465
134.20895898
130.827588027
123.573650779
118.39955784
118.272478027
118.755871336
119.204972999
117.221509475
115.178791374
114.286339794
118.321365295
116.585483993
117.754548718
117.870132715
117.696877749
118.479810147
117.386310993
117.144197538
116.345053924
114.238600816
115.421233627
116.552851544
117.361757017
118.672224241
118.652034336
122.844490919
122.649829066
122.5257363
119.427474277
121.233958765
121.274681044
119.493539228
120.190708965
120.935015227
120.84344098
121.750143498
123.200517405
122.973723587
121.926093277
119.932351654
118.610524023
119.230309479
119.505413298
119.334730754
119.180263303
116.768147061
116.670715144
114.921240672
116.676055719
115.471660889
116.248803416
115.545357771
116.047439525
116.749759566
116.561757414
116.145094466
115.732021572
115.232376824
114.730447174
