A0176509W
103.426874168
104.031287739
104.363674281
106.586712367
105.129689836
105.891616366
104.870895026
105.280608932
104.809243465
105.09183533
105.103481381
105.359055709
105.444523711
105.313994708
105.869339445
105.817112942
106.969036016
106.936205098
106.675911304
106.849002354
106.881225588
106.945703118
107.200165574
106.697828105
105.052513624
105.570997791
106.219924093
106.989476069
107.093276372
106.626196901
106.694303552
106.810305766
106.16125201
105.295974214
106.1371339
105.177408152
104.966455224
104.654335804
104.286131597
104.400455115
104.400720072
105.16798634
105.747121688
105.056590049
105.108693383
105.367435421
105.288346874
105.961106654
105.360285361
105.527668429
105.536283164
105.518910033
105.932347031
106.065958266
106.338288939
106.569470607
106.784533792
106.826692621
106.104618214
106.41684931
106.401983296
106.389367223
107.070261701
107.589334789
107.556682108
106.990893629
107.088840165
107.768350124
107.477991897
108.228746553
108.292068578
108.53410951
108.813501437
108.401361932
108.337362734
108.310930144
107.100824463
107.136734571
106.69216282
106.623040268
106.701856652
106.524508607
105.531643642
104.523410345
104.728866534
105.115856394
104.603851042
104.872263181
105.058836908
105.104174426
105.179448072
104.917847338
105.602854524
105.007166813
105.854457115
107.009238624
106.800226939
106.58673633
107.242177524
107.078001609
107.140148944
106.798804093
107.953373982
108.881498866
108.887696932
107.717447891
108.091855622
108.483242184
109.287832856
108.914629934
108.97665049
109.336568165
109.083820025
109.570447195
109.518798858
108.854566366
108.861486086
108.995838002
108.085722364
108.083676154
108.128869011
109.189992277
109.032242801
109.11421702
109.547669162
109.503261616
109.579441882
109.592364077
110.206208629
110.398328105
110.514986987
111.012424611
110.290989739
110.24136016
110.239301818
110.745186303
110.509199185
109.061315468
108.465437802
107.980452705
108.013199368
107.544943411
108.16562508
108.384653125
108.455303158
108.412088109
109.251074105
108.118120613
106.677596543
106.791517768
106.789996998
106.633899519
106.949567401
108.095938509
108.26344714
108.215230617
107.713761915
107.628495919
107.940097474
108.069329839
108.066117002
107.935541009
108.321654026
108.40338166
108.263252247
108.471541033
107.693898838
107.829329789
108.564698522
108.60207648
108.695218272
109.407391369
108.954225433
109.09556437
109.412304087
109.218588036
109.954830314
110.309428293
110.402757076
110.512856082
110.557152926
110.432896159
109.294565542
109.318902229
109.862815023
109.906497676
109.897469642
110.436497372
110.606801647
110.972083875
111.046942327
111.455959592
111.726336462
111.544072111
111.646389539
111.317453149
111.349494429
111.532607001
111.322720805
111.810348444
111.99210265
112.211291337
112.295065577
112.656292037
112.814079869
112.958802714
113.020688598
112.894909114
113.502622251
114.254676779
114.323923199
114.099557626
113.866535339
113.410021616
114.119120939
114.294685906
114.046357428
111.535475208
111.468797651
111.593320825
111.669122977
111.408711414
111.354233662
111.332628726
111.590113812
111.270943257
111.544097123
111.416676419
112.740636056
112.79209483
112.854432993
114.025231493
113.938813245
113.402427359
113.063647726
112.207498472
112.928883362
113.447918782
113.393643477
112.710384328
112.907905006
113.829653611
114.329720221
113.684244357
113.723314587
113.962319074
114.411117244
114.003632975
114.698223913
115.017678874
115.151764411
115.959940529
115.875751282
115.431412489
116.411301109
115.788871481
115.325785854
115.935874144
116.258363613
116.126252123
116.087839832
116.900918957
117.22055686
116.614991445
117.14662765
117.953754357
119.075956254
119.52136112
118.924117144
119.460210521
119.4596038
122.092795477
121.637456965
121.12493284
121.750732554
122.393942071
123.790765284
123.841867849
124.518667152
122.677238667
122.652953268
124.016128906
124.368038263
124.140978598
123.855987498
124.533192274
122.727548827
123.239334757
122.099991073
121.963672953
122.068545098
120.735332019
120.765886633
121.117941605
121.973272799
121.437637036
121.28667749
121.87490167
121.629627237
121.813996096
121.764508899
123.304808629
123.510414731
123.706141453
122.334919746
122.819537007
123.643776886
122.928156311
123.05238217
124.07640219
124.193280128
123.636038202
123.840190074
123.756907192
122.718636754
122.696481199
122.706338867
124.325426873
125.755722446
126.133904663
126.197381946
125.94031157
125.975160221
126.440309672
126.382652916
125.702491774
126.139925672
125.867647904
125.602868674
126.314241052
126.318410703
125.947047108
125.943027843
126.644858145
126.891678666
127.02470232
126.645114882
126.624258897
126.730473622
125.466300642
125.473557342
123.607375299
120.410578339
118.907350154
118.719424722
118.421282664
116.186105459
115.249292302
116.055406456
113.65897922
113.568456571
116.010057643
115.805007758
116.529959247
115.565631572
116.175038809
116.348143706
116.782298898
116.202003398
116.36029702
116.376897547
115.408729473
112.44579558
112.549733551
111.318789109
113.953810941
113.568742471
113.422876839
113.355764404
113.490550738
113.469667508
114.648328314
115.372232607
114.820236104
113.868506638
113.166596297
114.706784106
114.73981295
114.870393398
114.641742312
114.68723902
112.511006783
112.703797404
112.858173351
112.996316901
113.929915484
113.772994224
115.841608822
116.290579353
116.089783266
116.014181916
115.802913728
115.643573816
115.7744757
115.934378562
116.813288236
117.607274736
117.916792765
118.194675844
118.577015334
118.496147758
118.299202714
119.274122388
118.486591022
118.125450794
115.036206937
115.825649701
116.210090569
115.657207091
117.874789371
117.801396208
118.293820916
118.151612549
118.039465976
117.646454174
117.181338582
118.731319832
118.480135345
118.773826707
118.735565842
118.791291586
121.530350066
120.961417086
120.64984927
120.974445678
121.03882632
118.991589089
119.109598297
119.561203169
121.078873888
120.924638997
120.929362848
121.114937239
122.086720863
121.886134508
122.181387218
121.586829848
120.157723782
121.428001996
120.727588138
120.709849392
120.635624039
120.817870807
121.795930474
121.918113561
121.918255673
121.99064551
121.037932582
121.239712675
120.056004145
120.009722179
121.298596551
119.819747657
120.152447752
121.522185719
120.745022972
120.642947123
121.571710194
121.6700899
121.851305612
121.667775415
120.328506237
120.548837394
120.241766821
121.062012251
121.879439376
122.559469256
123.176159791
123.943366921
124.022342195
124.066177918
125.854828955
126.812476969
125.729288758
125.72912905
127.127569245
126.80235524
125.691000743
126.947764642
127.282782905
127.185031411
127.717906411
129.197839486
128.658697058
128.597700393
129.24342247
130.051860825
130.400419951
129.732873705
128.839643161
128.648962805
130.550943904
130.947098536
130.751161648
126.828993765
128.472146595
128.877386342
130.38151566
129.894604308
129.911295867
129.781305496
129.968240056
129.880737431
130.283317363
132.354515296
133.957033372
133.71410958
131.415771352
132.155180818
131.393647551
131.232577724
131.661147529
131.315433923
130.270873314
128.72167106
128.597811827
127.257298731
127.036379828
125.55572917
126.478306118
126.282324348
125.06847877
125.236776985
127.122367721
126.563382826
125.942391484
123.634449215
123.127671132
124.168602126
124.230778755
124.009986069
123.410017493
123.678393052
125.352931579
126.907737843
126.337804995
126.171104031
127.686194073
128.825732108
128.056520277
128.033395271
127.639641043
125.912875297
125.24043796
126.060962951
126.761255926
127.566547394
128.374305803
127.725334332
127.511876986
127.49072178
129.256491574
128.127392489
129.382117405
129.333520489
130.147944194
130.399148829
130.208365453
130.203892069
130.140876613
130.082349194
128.596722283
130.129256135
132.267766895
133.350905516
133.734424961
133.333245159
134.865794986
134.655788557
133.530883898
133.308434651
129.927623711
128.712213076
129.339765322
129.199549448
129.308611795
131.880166883
131.798273327
131.992347546
131.045639567
130.832602811
129.980384367
130.786347245
132.01967763
132.073381914
131.918966738
132.280115594
132.809706795
132.786824491
131.42456187
131.112514279
132.861192516
132.694351677
132.621862788
133.894999622
133.944408145
134.036355685
134.222913041
135.809614967
136.146079147
135.982234063
135.397113497
135.544150348
137.298220821
137.202932861
138.758695207
138.416347907
139.458717719
138.844221051
138.117042006
137.809458297
139.519271512
140.434820106
140.077429331
141.341988461
143.138021035
144.327028801
146.412244704
143.941159738
137.198311864
136.891808621
133.901533759
137.717224783
139.156690099
140.707193326
141.653998248
142.662781379
141.708456298
137.853443662
138.367207829
138.181436474
139.155385906
139.981218112
138.51885393
139.40435854
141.262450563
140.953521538
140.751385521
139.554537419
140.464435348
140.303571192
139.409395959
138.68596453
140.298206907
141.018488674
141.469137141
140.769022938
142.10677203
141.573998178
142.184946507
141.992022108
144.608066922
145.745331618
144.695303754
144.174714195
144.430636773
146.225577271
146.495991399
146.949739582
145.860370661
145.627628636
146.299730613
145.644537935
144.734528873
143.660539352
142.367156748
144.897012479
143.873194303
144.795647685
144.208509385
143.834111471
142.396074602
140.570342747
135.836962102
137.491705423
134.402837387
133.805450947
131.541935909
136.428902194
134.25514167
133.990384947
133.125689756
132.798515658
134.772836269
131.560662238
132.447401235
133.268513742
135.180823276
136.387181189
135.273419439
134.995932783
135.625123019
133.775238819
136.149872759
135.59925938
135.231659688
134.271833203
130.73606296
123.457216476
118.027710652
117.764892684
118.73585971
119.224211433
117.259214296
115.078450935
114.189652877
118.28039011
116.782070021
117.739892705
117.83694802
117.682395851
118.495495905
117.337537564
117.104186142
116.369271095
114.200356852
115.315702059
116.55028746
117.392470915
118.69982549
118.759779305
122.842404144
122.834480985
122.473584279
119.460545373
121.121705326
121.365422352
119.456633597
120.167433216
120.870206138
120.829918265
121.775678564
123.216560648
123.009777094
121.862585766
119.922190364
118.597818324
119.206518573
119.555791905
119.287373867
119.167817079
116.759666436
116.575381389
114.966893105
116.668761925
115.54921852
116.199837373
115.551937455
116.054047188
116.812922123
116.663537746
116.164236844
115.704903067
115.224323698
114.739151578
